OPERATOR_ID=0.0.56207302
OPERATOR_KEY=302e020100300506032b657004220d11c20b6975729079b427d3f4aef87dfae405b50cdebea97351ec13c78bfc566aa8
ADMIN_ID=0.0.46553021
ADMIN_KEY=3030020100300706052b8104000a042e52c206b51c8dc9d181d20420d38b0ed5f11f8985cd72bd8b8b252541c6f30a41a80f
CONTRACT_NAME=Bank
CONTRACT_PATH=artifacts/contracts/Bank.sol/Bank.json